Year,Total,Total Men,Total Women,White Total,White Men,White Women,Black Total,Black Men,Black Women,Asian Total ,Asian Men,Asian Women,Hispanic Total,Hispanic Men,Hispanic Women,,,,,,,,,,,,,,,,,,,
1980,12.7,13.6,11.8,10.9,11.9,9.7,26.9,26.8,27,NA,NA,NA,14,14,14,,,,,,,,,,,,,,,,,,,
1981,13.8,14.6,12.9,11.8,12.8,10.7,29.5,29.4,29.5,NA,NA,NA,15.7,15.6,15.9,,,,,,,,,,,,,,,,,,,
1982,16.6,18,15.1,14.3,15.7,12.6,34.6,35.2,33.7,NA,NA,NA,19.6,20.1,19,,,,,,,,,,,,,,,,,,,
1983,16.1,17.4,14.6,13.5,14.9,11.8,35.3,35.1,35.5,NA,NA,NA,18.9,19.1,18.6,,,,,,,,,,,,,,,,,,,
1984,12.9,13.4,12.3,10.5,11,9.9,29.5,30.1,28.8,NA,NA,NA,14.5,14.6,14.4,,,,,,,,,,,,,,,,,,,
1985,12.4,12.9,11.9,10.3,10.9,9.6,27.8,27.6,28.1,NA,NA,NA,14.8,14.9,14.6,,,,,,,,,,,,,,,,,,,
1986,12.2,12.5,11.7,10,10.5,9.4,27.1,26.9,27.3,NA,NA,NA,15,14.9,15.3,,,,,,,,,,,,,,,,,,,
1987,11,11.3,10.6,9.1,9.7,8.5,24.1,23,25.3,NA,NA,NA,12.6,12.1,13.4,,,,,,,,,,,,,,,,,,,
1988,9.9,10.3,9.6,8.2,8.6,7.8,22.2,22.3,22.1,NA,NA,NA,12,11.5,12.6,,,,,,,,,,,,,,,,,,,
1989,9.9,10.2,9.5,8.2,8.7,7.6,21.4,20.9,22,NA,NA,NA,11.9,11.3,12.9,,,,,,,,,,,,,,,,,,,
1990,10.1,10.5,9.7,8.5,9,7.8,21.8,22.1,21.5,NA,NA,NA,10.9,10.4,11.8,,,,,,,,,,,,,,,,,,,
1991,12.3,13.2,11.3,10.6,11.6,9.4,24.5,25.3,23.7,NA,NA,NA,13.2,13.2,13.2,,,,,,,,,,,,,,,,,,,
1992,12.9,13.9,11.8,10.8,11.9,9.6,26.9,28,25.8,NA,NA,NA,15.5,15.9,14.9,,,,,,,,,,,,,,,,,,,
1993,12.2,13,11.2,10.1,11.1,9,25.7,26.6,24.8,NA,NA,NA,15.1,14.6,15.9,,,,,,,,,,,,,,,,,,,
1994,11.2,11.9,10.4,9.4,10.2,8.5,22.8,23.3,22.2,NA,NA,NA,13.7,13.1,14.7,,,,,,,,,,,,,,,,,,,
1995,10.6,11,10.3,8.9,9.4,8.4,21.4,21.9,21.1,NA,NA,NA,13.4,12.7,14.4,,,,,,,,,,,,,,,,,,,
1996,10.8,11.2,10.3,9,9.5,8.5,22,23,20.9,NA,NA,NA,13.8,12.2,16.3,,,,,,,,,,,,,,,,,,,
1997,10.1,10.5,9.6,8.2,8.7,7.7,21.4,23.4,19.8,NA,NA,NA,12.1,11.6,13,,,,,,,,,,,,,,,,,,,
1998,9.2,9.6,8.8,7.7,8.1,7.3,18.7,20.7,17,NA,NA,NA,11.6,10.6,13,,,,,,,,,,,,,,,,,,,
1999,8.8,9.1,8.4,7.4,7.6,7.1,17.5,19.5,15.7,NA,NA,NA,10.4,9.7,11.5,,,,,,,,,,,,,,,,,,,
2000,8.3,8.5,8.1,6.9,7.1,6.7,16.9,18.6,15.4,8.6,9.3,7.8,9,8,10.7,,,,,,,,,,,,,,,,,,,
2001,9.5,10.2,8.7,8,8.7,7.1,19,20.7,17.5,8.7,9.9,7.3,9.7,9.3,10.4,,,,,,,,,,,,,,,,,,,
2002,11,11.7,10.3,9.3,10,8.6,21,22.1,19.9,11,12.2,9.8,11.7,11.4,12.2,,,,,,,,,,,,,,,,,,,
2003,11.4,12.3,10.4,9.6,10.7,8.5,22.6,24,21.3,10.3,11.5,9.1,11.7,11.5,11.9,,,,,,,,,,,,,,,,,,,
2004,10.7,11.4,9.8,9.1,9.8,8.2,20.3,22.7,18.2,8.8,9.2,9,10.8,11.1,10.5,,,,,,,,,,,,,,,,,,,
2005,10.2,11.1,9.1,8.5,9.3,7.5,20.5,22.8,18.4,7,9.6,4.2,10.1,10,10.3,,,,,,,,,,,,,,,,,,,
2006,9.5,10.2,8.7,8,8.6,7.2,18.7,20.2,17.1,6.6,8.3,5,8.6,8.3,9,,,,,,,,,,,,,,,,,,,
2007,9.5,10.5,8.5,8.3,9.2,7.3,17.7,19.6,15.9,6.7,7.2,7.4,9.6,9.5,9.7,,,,,,,,,,,,,,,,,,,
2008,11.6,13.1,10,10.3,11.8,8.6,20.1,22,18.4,7.5,7.4,7.6,13.2,13.5,12.8,,,,,,,,,,,,,,,,,,,
2009,16.6,19.2,13.9,14.8,17.3,11.9,27.5,31,24.1,13.5,14.2,13,18.8,19.7,17.6,,,,,,,,,,,,,,,,,,,
2010,17.3,19.7,14.6,15.2,17.5,12.6,28.8,32.6,25.2,13.8,15.5,11.9,20.1,21.2,18.6,,,,,,,,,,,,,,,,,,,
2011,16.3,17.8,14.6,14.3,15.8,12.5,27.7,30.3,25.1,13.4,14.9,11.9,18.1,18.2,18,,,,,,,,,,,,,,,,,,,
2012,15.1,16.4,13.6,13.1,14.5,11.4,25.4,28,23,12.4,12.2,12.6,16.3,16.4,16.2,,,,,,,,,,,,,,,,,,,
2013,14.4,15.9,12.8,12.4,13.6,11,25.1,28.1,22.3,12,13.8,9.2,15.2,15.8,14.4,,,,,,,,,,,,,,,,,,,
"NOTE: Beginning in 2003, estimates for White, Black, and Asian race groups include people who selected that race group only. Prior to 2003, people who reported more than one race were included in the group they identified as the main race. Asian estimates for 2000–2002 are for Asians and Pacific Islanders; beginning in 2003, Asian is a separate category. Persons whose ethnicity is identified as Hispanic may be of any race. ",,,,,,,,,,,,,,,,,,,,,,,,,,,,,,,,,,
"SOURCE: Bureau of Labor Statistics, Current Population Survey.",,,,,,,,,,,,,,,,,,,,,,,,,,,,,,,,,,
